mtllib LowPolyMaskFace_Kongorilla.mtl
o Plane
v -0.059743 0.066940 0.631601
v -0.058186 -0.026221 0.584580
v -0.046189 0.491880 0.344922
v -0.152303 0.115196 0.385712
v -0.154518 0.579224 0.361162
v -0.110903 0.405324 0.264526
v -0.515717 0.561518 0.213533
v -0.553106 0.118701 0.179654
v -0.037989 -0.090219 0.438617
v -0.187178 0.042052 0.366211
v -0.150343 -0.046687 0.392456
v -0.579526 0.387881 0.033691
v -0.565682 0.946823 -0.063015
v -0.243122 1.008965 0.174805
v -0.725403 0.310484 -0.588448
v -0.696899 0.841187 -0.462463
v -0.449616 -0.214933 0.135896
v -0.630471 -0.276500 -0.511110
v -0.336208 -0.604928 0.147108
v -0.039085 -0.203528 0.501288
v -0.153243 -0.206938 0.445116
v -0.271477 -0.272652 0.351440
v -0.101901 -0.327557 0.449073
v -0.134246 -0.417289 0.390219
v -0.145359 -0.558588 0.441674
v -0.138774 -0.714093 0.345627
v -0.128021 -0.255753 0.393799
v -0.090350 -0.274603 0.413120
v -0.558529 -0.445986 -0.171788
v -0.263062 0.348345 0.246521
v -0.255323 0.475421 0.228265
v -0.175702 0.399628 0.214847
v -0.401018 0.467701 0.198198
v -0.394447 0.347152 0.211679
v -0.444718 0.405951 0.167484
v -0.277107 0.378527 0.258733
v -0.272073 0.446347 0.252232
v -0.382797 0.439486 0.230006
v -0.378329 0.375464 0.223757
v -0.279512 -0.506461 0.292488
v 0.068152 0.066940 0.631601
v 0.066596 -0.026221 0.584580
v 0.054598 0.491880 0.344922
v 0.160712 0.115196 0.385712
v 0.162927 0.579224 0.361162
v 0.119312 0.405324 0.264526
v 0.524126 0.561518 0.213533
v 0.561515 0.118701 0.179654
v 0.046398 -0.090219 0.438617
v 0.195587 0.042052 0.366211
v 0.158752 -0.046687 0.392456
v 0.587935 0.387881 0.033691
v 0.574092 0.946823 -0.063015
v 0.251531 1.008965 0.174805
v 0.733812 0.310484 -0.588448
v 0.705309 0.841187 -0.462463
v 0.458025 -0.214933 0.135896
v 0.638880 -0.276500 -0.511110
v 0.344617 -0.604928 0.147108
v 0.047494 -0.203528 0.501288
v 0.161652 -0.206938 0.445116
v 0.279886 -0.272652 0.351440
v 0.110310 -0.327557 0.449073
v 0.142655 -0.417289 0.390219
v 0.153768 -0.558588 0.441674
v 0.147183 -0.714093 0.345627
v 0.136430 -0.255753 0.393799
v 0.098759 -0.274603 0.413120
v 0.566938 -0.445986 -0.171788
v 0.271471 0.348345 0.246521
v 0.263732 0.475421 0.228265
v 0.184112 0.399628 0.214847
v 0.409427 0.467701 0.198198
v 0.402856 0.347152 0.211679
v 0.453127 0.405951 0.167484
v 0.285516 0.378527 0.258733
v 0.280482 0.446347 0.252232
v 0.391207 0.439486 0.230006
v 0.386738 0.375464 0.223757
v 0.287921 -0.506461 0.292488
v 0.004233 -0.261448 0.442498
v 0.004332 -0.329079 0.476329
v 0.004332 -0.283160 0.434516
usemtl 
s off
f 6 3 5
f 34 35 12 8
f 7 5 14 13
f 4 6 32 30
f 7 13 12
f 12 13 16 15
f 9 2 11
f 8 12 15
f 4 8 17 10
f 17 22 10
f 1 10 11 2
f 9 11 21 20
f 11 22 21
f 22 17 40
f 23 24 82
f 22 24 23
f 19 40 17 29
f 20 21 27 81
f 21 22 27
f 23 82 83 28
f 22 23 28
f 22 11 10
f 5 7 33 31
f 7 12 35 33
f 30 34 8 4
f 31 32 6 5
f 39 35 34
f 36 39 34 30
f 33 35 38
f 31 33 38 37
f 37 32 31
f 30 32 36
f 17 8 15
f 25 40 19 26
f 24 22 40
f 25 24 40
f 1 4 10
f 1 3 6 4
f 46 45 43
f 74 48 52 75
f 47 53 54 45
f 44 70 72 46
f 47 52 53
f 52 55 56 53
f 49 51 42
f 48 55 52
f 44 50 57 48
f 57 50 62
f 41 42 51 50
f 49 60 61 51
f 51 61 62
f 62 80 57
f 63 82 64
f 62 63 64
f 24 64 82
f 59 69 57 80
f 60 81 67 61
f 61 67 62
f 63 68 83 82
f 62 68 63
f 62 50 51
f 45 71 73 47
f 47 73 75 52
f 70 44 48 74
f 71 45 46 72
f 79 74 75
f 76 70 74 79
f 73 78 75
f 71 77 78 73
f 77 71 72
f 70 76 72
f 57 55 48
f 65 66 59 80
f 64 80 62
f 65 80 64
f 41 50 44
f 41 44 46 43
f 60 20 81
f 49 9 20 60
f 42 2 9 49
f 41 1 2 42
f 1 41 43 3
f 3 43 45 5
f 5 45 54 14
f 64 24 25 65
f 65 25 26 66
f 17 18 29
f 15 18 17
f 55 57 58
f 57 69 58
